T=300;
k=8.617e-S;
e=08.8 5*10^(-l4);
q =l.602e-19;
KS1 1.8;
nil.OelO;
EG= 1.12